[14,3,0]
1,0,0,0||0|uid://b3t1g0qecug7h
[15,0,0]
0,-1,0,0|||uid://ct37tgas6l1o3
[15,1,0]
0,-1,1,-1|||uid://ct37tgas6l1o3
[15,2,0]
0,-1,0,-1|||uid://ct37tgas6l1o3
[15,3,0]
0,0,0,-1|||uid://ct37tgas6l1o3
[16,1,0]
-1,0,1,0|||
[17,1,0]
1,0,-1,0|||
[16,2,0]
0,0,4,0|||
[16,3,0]
0,1,5,0|||
[13,1,0]
-1,0,1,0|||
[14,1,0]
0,0,-1,0|||
[12,-1,0]
0,-1,0,0||2|
[12,0,0]
0,-1,0,-1|||
[12,1,0]
0,0,0,-1|||
[18,-1,0]
0,-1,0,0||3|
[18,0,0]
0,-1,0,-1|||
[18,1,0]
0,0,0,-1|||
[13,-1,0]
-1,0,1,0|||
[14,-1,0]
-1,0,-1,0|||
[15,-1,0]
-1,0,-1,0|||
[16,-1,0]
-1,0,-1,0|||
[17,-1,0]
1,0,-1,0|||
[17,2,0]
0,-1,1,0|||
[17,3,0]
0,-1,0,-1|||
[17,4,0]
0,-1,0,-1|||
[17,5,0]
0,0,1,-1|||
[14,4,0]
-1,0,0,0|ab0000,,,,||
[15,4,0]
-1,0,-1,0|ab0000,,,,||
[16,4,0]
0,0,-1,0|ab0000,,,,||
[16,5,0]
0,0,0,0|||
[14,5,0]
-1,0,1,1|||
[15,5,0]
5,0,-1,0|||
[13,3,0]
5,-1,0,0|||
[13,4,0]
0,-1,0,-1|||
[13,5,0]
0,0,0,-1|||
